34,4
34,9
0,567
0,564
0,563
0,562
0,561
0,560
0,559
87,36
0,558
0,557
0,556
34,8
34,120
41,5
41,4
34,2
34,0
0,555
0,388
35,11
36,28
0,302
87,35
34,6
34,83
34,84
3,2
3,1
3,3
10,104
10,226
10,194
10,168
10,192
10,22
10,2
10,3
11,4
11,8
9,7
8,9
8,10
8,12
0,318
73,3
73,1
68,3
68,1
66,5
66,4
66,3
66,1
47,3
47,1
41,3
41,1
36,26
36,25
36,24
36,23
36,22
36,21
36,20
36,19
36,5
36,3
36,1
35,10
35,4
35,3
35,1
34,127
34,126
34,101
34,93
34,85
34,82
34,78
34,76
34,75
34,74
34,73
34,72
34,71
34,70
34,69
34,68
34,67
34,66
34,65
34,64
34,7
34,5
34,3
34,1
20,3
20,2
20,1
19,3
19,2
19,1
14,7
14,6
14,5
12,3
12,2
12,1
11,30
11,29
11,28
11,27
11,26
11,25
11,24
11,23
11,22
11,21
11,19
11,18
11,17
11,16
11,15
11,14
11,10
11,9
11,7
11,6
11,5
11,3
11,2
11,1
10,315
10,314
10,313
10,312
10,311
10,310
10,309
10,308
10,307
10,306
10,305
10,304
10,303
10,302
10,301
10,300
10,299
10,298
18,1
18,3
